   1.2339771451557822e-02
  -2.8977373584082831e-03
  -2.5856513982572263e-03
  -2.3119729651683301e-03
  -2.0698767407619821e-03
  -1.8539641698736662e-03
  -1.6587466779551998e-03
  -1.4785639651664362e-03
  -1.3102792760100921e-03
  -1.1481504365050087e-03
  -9.8991315168929050e-04
  -8.3191179999055293e-04
  -6.7249998335413067e-04
  -5.0974220046035067e-04
  -3.4257588993347383e-04
  -1.7081397399328107e-04
   5.5924580306358319e-06
   1.8545741002450207e-04
   3.6781352353019628e-04
   5.5042612656395725e-04
   7.3114166570764898e-04
   9.0696602304801591e-04
   1.0749074673422252e-03
   1.2317753602368608e-03
   1.3740251472191009e-03
   1.4983062679700516e-03
   1.6007145518070771e-03
   1.6781587806451860e-03
   1.7272587770242273e-03
   1.7456488924282058e-03
   1.7308057288172333e-03
   1.6808334299656300e-03
   1.5944093077412589e-03
   1.4705366904270811e-03
   1.3099141373884983e-03
   1.1126422105549093e-03
   8.8114663514891227e-04
   6.1667117370578419e-04
   3.2335784168282378e-04
   5.1704681619022729e-06
  -3.3355708162525067e-04
  -6.8550958135875752e-04
  -1.0545176222745574e-03
  -1.4051473767921372e-03
  -1.7792508347032280e-03
  -2.1251702264899639e-03
  -2.4466148209058235e-03
  -2.7467088689259694e-03
  -3.0166652336772082e-03
  -3.2437760739424362e-03
  -3.4168204356186068e-03
  -3.5336650772896981e-03
  -3.5887777820748333e-03
  -3.5801793236107252e-03
  -3.5026145330611987e-03
  -3.3523606006459999e-03
  -3.1263400244578277e-03
  -2.8235089012331811e-03
  -2.4456117964157631e-03
  -1.9954417807104361e-03
  -1.4780943490276749e-03
  -8.9887980519289391e-04
  -2.6491590205664206e-04
   4.1610689944807143e-04
   1.1349122381129001e-03
   1.8809381684778031e-03
   2.6423672920167954e-03
   3.4057725592415355e-03
   4.1572621955591332e-03
   4.8817306146068480e-03
   5.5643549291609050e-03
   6.1894836527215946e-03
   6.7418592735363752e-03
   7.2060958658791679e-03
   7.5674480696688107e-03
   7.8123903673184376e-03
   7.9278626416955499e-03
   7.9027900378993050e-03
   7.7258847723485624e-03
   7.3886982502639345e-03
   6.8832818356655192e-03
   6.2051336668057988e-03
   5.3515603910054997e-03
   4.3206969680862507e-03
   3.1155808718821361e-03
   1.7347089505978246e-03
   1.9483616148517762e-04
  -1.5076603460638892e-03
  -3.3543219835870438e-03
  -5.3325457365369913e-03
  -7.4292304968825848e-03
  -9.6271096304294049e-03
  -1.1907328394673566e-02
  -1.4244827052380659e-02
  -1.6624375624267586e-02
  -1.9020428218515170e-02
  -2.1410801807513542e-02
  -2.3769916159746707e-02
  -2.6074038003352538e-02
  -2.8299902796870505e-02
  -3.0424117870924826e-02
  -3.2424535672404393e-02
  -3.4278534259645173e-02
  -3.5966005171463991e-02
  -3.7467922375805651e-02
  -3.8768288191535639e-02
  -3.9852895071552090e-02
  -4.0709806559913186e-02
  -4.1329368277475950e-02
  -4.1704043424021627e-02
   9.5817044451000455e-01
  -4.1704043424021627e-02
  -4.1329368277475950e-02
  -4.0709806559913186e-02
  -3.9852895071552090e-02
  -3.8768288191535639e-02
  -3.7467922375805651e-02
  -3.5966005171463991e-02
  -3.4278534259645173e-02
  -3.2424535672404393e-02
  -3.0424117870924826e-02
  -2.8299902796870505e-02
  -2.6074038003352538e-02
  -2.3769916159746707e-02
  -2.1410801807513542e-02
  -1.9020428218515170e-02
  -1.6624375624267586e-02
  -1.4244827052380659e-02
  -1.1907328394673566e-02
  -9.6271096304294049e-03
  -7.4292304968825848e-03
  -5.3325457365369913e-03
  -3.3543219835870438e-03
  -1.5076603460638892e-03
   1.9483616148517762e-04
   1.7347089505978246e-03
   3.1155808718821361e-03
   4.3206969680862507e-03
   5.3515603910054997e-03
   6.2051336668057988e-03
   6.8832818356655192e-03
   7.3886982502639345e-03
   7.7258847723485624e-03
   7.9027900378993050e-03
   7.9278626416955499e-03
   7.8123903673184376e-03
   7.5674480696688107e-03
   7.2060958658791679e-03
   6.7418592735363752e-03
   6.1894836527215946e-03
   5.5643549291609050e-03
   4.8817306146068480e-03
   4.1572621955591332e-03
   3.4057725592415355e-03
   2.6423672920167954e-03
   1.8809381684778031e-03
   1.1349122381129001e-03
   4.1610689944807143e-04
  -2.6491590205664206e-04
  -8.9887980519289391e-04
  -1.4780943490276749e-03
  -1.9954417807104361e-03
  -2.4456117964157631e-03
  -2.8235089012331811e-03
  -3.1263400244578277e-03
  -3.3523606006459999e-03
  -3.5026145330611987e-03
  -3.5801793236107252e-03
  -3.5887777820748333e-03
  -3.5336650772896981e-03
  -3.4168204356186068e-03
  -3.2437760739424362e-03
  -3.0166652336772082e-03
  -2.7467088689259694e-03
  -2.4466148209058235e-03
  -2.1251702264899639e-03
  -1.7792508347032280e-03
  -1.4051473767921372e-03
  -1.0545176222745574e-03
  -6.8550958135875752e-04
  -3.3355708162525067e-04
   5.1704681619022729e-06
   3.2335784168282378e-04
   6.1667117370578419e-04
   8.8114663514891227e-04
   1.1126422105549093e-03
   1.3099141373884983e-03
   1.4705366904270811e-03
   1.5944093077412589e-03
   1.6808334299656300e-03
   1.7308057288172333e-03
   1.7456488924282058e-03
   1.7272587770242273e-03
   1.6781587806451860e-03
   1.6007145518070771e-03
   1.4983062679700516e-03
   1.3740251472191009e-03
   1.2317753602368608e-03
   1.0749074673422252e-03
   9.0696602304801591e-04
   7.3114166570764898e-04
   5.5042612656395725e-04
   3.6781352353019628e-04
   1.8545741002450207e-04
   5.5924580306358319e-06
  -1.7081397399328107e-04
  -3.4257588993347383e-04
  -5.0974220046035067e-04
  -6.7249998335413067e-04
  -8.3191179999055293e-04
  -9.8991315168929050e-04
  -1.1481504365050087e-03
  -1.3102792760100921e-03
  -1.4785639651664362e-03
  -1.6587466779551998e-03
  -1.8539641698736662e-03
  -2.0698767407619821e-03
  -2.3119729651683301e-03
  -2.5856513982572263e-03
  -2.8977373584082831e-03
   1.2339771451557822e-02
