   1.3210740937030273e-02
  -1.2373152379545377e-03
  -1.1811833502451854e-03
  -1.1282866866992366e-03
  -1.0777617014116135e-03
  -1.0302104533939961e-03
  -9.8477825413901079e-04
  -9.4193211342356766e-04
  -9.0075774004484482e-04
  -8.6194898489074152e-04
  -8.2460044490418466e-04
  -7.8932302863993209e-04
  -7.5508641447638092e-04
  -7.2268244801338365e-04
  -6.9110056498704266e-04
  -6.6099429105903249e-04
  -6.3151811113400778e-04
  -6.0330285061829000e-04
  -5.7535023119798401e-04
  -5.4859344338567409e-04
  -5.2176990534689679e-04
  -4.9603364028147768e-04
  -4.7000529351701279e-04
  -4.4490682670840091e-04
  -4.1933768000509107e-04
  -3.9451373704774237e-04
  -3.6905114223516740e-04
  -3.4426229767074707e-04
  -3.1855157946114994e-04
  -2.9366275786755564e-04
  -2.6753633843972765e-04
  -2.4235135252282305e-04
  -2.1569604631182330e-04
  -1.9009692298116074e-04
  -1.6264597951310477e-04
  -1.3670472700714681e-04
  -1.0840439461784564e-04
  -8.2283478656719971e-05
  -5.2554347745187387e-05
  -2.7257959467233213e-05
   8.2057901684347492e-06
   2.1808135587613326e-05
   6.2842907644012662e-05
   9.6890294925459396e-05
   1.1806914222275825e-04
   1.4526973989040256e-04
   1.7248818987788809e-04
   2.0445282633469990e-04
   2.3474264410218817e-04
   2.6610220937599641e-04
   2.9466846541957353e-04
   3.2347201030066418e-04
   3.5002637672416285e-04
   3.7699209344938325e-04
   4.0250280091587740e-04
   4.2879388024745442e-04
   4.5380314384941184e-04
   4.7934017839799232e-04
   5.0348393657440960e-04
   5.2742913664151987e-04
   5.4973445229780226e-04
   5.7126330693125929e-04
   5.9084810327965484e-04
   6.0935425920901698e-04
   6.2573473200900123e-04
   6.4090827794095404e-04
   6.5390397852135710e-04
   6.6560500293369961e-04
   6.7521758495858839e-04
   6.8332681668309631e-04
   6.8947814110512432e-04
   6.9389415283502981e-04
   6.9628757168168829e-04
   6.9673997363387430e-04
   6.9509398230277648e-04
   6.9118194330551760e-04
   6.8528746411312827e-04
   6.7678740904332610e-04
   6.6647913658392406e-04
   6.5278799599510968e-04
   6.3834047477030710e-04
   6.1836547891124666e-04
   6.0058381960029781e-04
   5.7720785796904850e-04
   5.4866574168939582e-04
   5.2399573306455944e-04
   4.9407053925807471e-04
   4.6210045967854546e-04
   4.2577322662156136e-04
   3.8911619868719458e-04
   3.4996377455179169e-04
   3.1028056739651884e-04
   2.6745855455084392e-04
   2.2335754213855094e-04
   1.7629398096517240e-04
   1.2828382713003529e-04
   7.7777437302769758e-05
   2.6887130301526766e-05
  -2.5912853305612637e-05
  -7.9124806309046288e-05
  -1.3392224396182516e-04
  -1.8921820025937777e-04
  -2.4601716648687280e-04
  -3.0307037908924156e-04
  -3.6137004281869089e-04
  -4.1947663226444323e-04
  -4.7836618830074282e-04
  -5.3659913370658380e-04
  -5.9510320407964558e-04
  -6.5265586099149374e-04
  -7.0999298929561700e-04
  -7.6615456330116440e-04
  -8.2174542391375027e-04
  -8.7580715146836643e-04
  -9.2895589884429541e-04
  -9.8024460941876731e-04
  -1.0301274458400340e-03
  -1.0778572966696313e-03
  -1.1236351050230640e-03
  -1.1669467744917302e-03
  -1.2074844402992482e-03
  -1.2456795560371453e-03
  -1.2802163659877822e-03
  -1.3122337162522087e-03
  -1.3418654786167307e-03
  -1.3648825061487082e-03
  -1.3878848234827787e-03
  -1.4058549804177639e-03
  -1.4202044633091332e-03
  -1.4292712619902216e-03
  -1.4355619409301820e-03
  -1.4372761469029429e-03
  -1.4355211499253488e-03
  -1.4281956912833985e-03
  -1.4167853877094631e-03
  -1.4000554113681955e-03
  -1.3795680548000062e-03
  -1.3536812415913927e-03
  -1.3238204354503202e-03
  -1.2885760405241325e-03
  -1.2488405897277722e-03
  -1.2037441518172843e-03
  -1.1542239416799031e-03
  -1.0993761502882974e-03
  -1.0404648629916595e-03
  -9.7636099083091960e-04
  -9.0837794942270824e-04
  -8.3532474783144946e-04
  -7.5844661355374619e-04
  -6.7668319444354739e-04
  -5.9118521890687715e-04
  -5.0114683366197274e-04
  -4.0769590938635140e-04
  -3.1008242720333010e-04
  -2.0955761283088334e-04
  -1.0528482993479185e-04
   1.5063738244696906e-06
   1.1156498588805593e-04
   2.2376719594374459e-04
   3.3871214558514888e-04
   4.5534149609704095e-04
   5.7396899215193689e-04
   6.9383772236731429e-04
   8.1519744392569019e-04
   9.3656678105254686e-04
   1.0600050613284414e-03
   1.1810149186370004e-03
   1.3036356370145820e-03
   1.4251342767050269e-03
   1.5457830821357572e-03
   1.6641228446654050e-03
   1.7816469945852284e-03
   1.8968052207686791e-03
   2.0101095174385039e-03
   2.1196384847461439e-03
   2.2262883887156698e-03
   2.3288211022892170e-03
   2.4281462807892807e-03
   2.5224042511369960e-03
   2.6122491150929062e-03
   2.6964587888470186e-03
   2.7752540238913390e-03
   2.8476940926281408e-03
   2.9143002272744543e-03
   2.9736554331995795e-03
   3.0266004453308811e-03
   3.0714794081147475e-03
   3.1091382898712464e-03
   3.1380357756691808e-03
   3.1589910015261593e-03
   3.1706536222134958e-03
   3.1737697762278813e-03
   3.1671039834183651e-03
   3.1514019824774031e-03
   3.1253253513290427e-03
   3.0897480707420934e-03
   3.0432766932281916e-03
   2.9868067472825963e-03
   2.9191070233303314e-03
   2.8410832937095483e-03
   2.7516233017441578e-03
   2.6516377891024727e-03
   2.5400771862449057e-03
   2.4178655234517892e-03
   2.2835814234735043e-03
   2.1391095079151302e-03
   1.9818207402686129e-03
   1.8148282952485850e-03
   1.6356519504833900e-03
   1.4452817482298289e-03
   1.2436344397276011e-03
   1.0317749929822321e-03
   8.0847904252768523e-04
   5.7473586989859634e-04
   3.2999213805345255e-04
   7.5693393723455174e-05
  -1.8896160677296404e-04
  -4.6307896006580936e-04
  -7.4748485740900109e-04
  -1.0405995630201382e-03
  -1.3427349667160199e-03
  -1.6531834067514252e-03
  -1.9719835721180900e-03
  -2.2981084841047295e-03
  -2.6321935080208607e-03
  -2.9724904987480680e-03
  -3.3198814743042844e-03
  -3.6725829010539109e-03
  -4.0313290076892366e-03
  -4.3945068364945779e-03
  -4.7627036292263664e-03
  -5.1343662006668508e-03
  -5.5099410672405976e-03
  -5.8878388858996742e-03
  -6.2685312693705067e-03
  -6.6502830938298769e-03
  -7.0336722529993137e-03
  -7.4169523367507298e-03
  -7.8006438886326149e-03
  -8.1831010918071607e-03
  -8.5647820710496782e-03
  -8.9440144046361563e-03
  -9.3212340282831027e-03
  -9.6946670788136523e-03
  -1.0064932118792046e-02
  -1.0429840169439387e-02
  -1.0790751576673373e-02
  -1.1144974994007321e-02
  -1.1493891635458007e-02
  -1.1835671630713524e-02
  -1.2169943320667925e-02
  -1.2496003610796145e-02
  -1.2814220459291613e-02
  -1.3122913550306045e-02
  -1.3422155329619552e-02
  -1.3710704452445941e-02
  -1.3989170430062618e-02
  -1.4256257313219386e-02
  -1.4512075235463969e-02
  -1.4755148461946537e-02
  -1.4986122338253204e-02
  -1.5204263696182541e-02
  -1.5409243606747551e-02
  -1.5600094153377927e-02
  -1.5777550353564880e-02
  -1.5939802622284342e-02
  -1.6088234248987979e-02
  -1.6221097912633285e-02
  -1.6339495933535786e-02
  -1.6442029143984963e-02
  -1.6529605409713245e-02
  -1.6600997850301422e-02
  -1.6657109320262119e-02
  -1.6696815294850575e-02
  -1.6721105387145312e-02
   9.8327118314329942e-01
  -1.6721105387145312e-02
  -1.6696815294850575e-02
  -1.6657109320262119e-02
  -1.6600997850301422e-02
  -1.6529605409713245e-02
  -1.6442029143984963e-02
  -1.6339495933535786e-02
  -1.6221097912633285e-02
  -1.6088234248987979e-02
  -1.5939802622284342e-02
  -1.5777550353564880e-02
  -1.5600094153377927e-02
  -1.5409243606747551e-02
  -1.5204263696182541e-02
  -1.4986122338253204e-02
  -1.4755148461946537e-02
  -1.4512075235463969e-02
  -1.4256257313219386e-02
  -1.3989170430062618e-02
  -1.3710704452445941e-02
  -1.3422155329619552e-02
  -1.3122913550306045e-02
  -1.2814220459291613e-02
  -1.2496003610796145e-02
  -1.2169943320667925e-02
  -1.1835671630713524e-02
  -1.1493891635458007e-02
  -1.1144974994007321e-02
  -1.0790751576673373e-02
  -1.0429840169439387e-02
  -1.0064932118792046e-02
  -9.6946670788136523e-03
  -9.3212340282831027e-03
  -8.9440144046361563e-03
  -8.5647820710496782e-03
  -8.1831010918071607e-03
  -7.8006438886326149e-03
  -7.4169523367507298e-03
  -7.0336722529993137e-03
  -6.6502830938298769e-03
  -6.2685312693705067e-03
  -5.8878388858996742e-03
  -5.5099410672405976e-03
  -5.1343662006668508e-03
  -4.7627036292263664e-03
  -4.3945068364945779e-03
  -4.0313290076892366e-03
  -3.6725829010539109e-03
  -3.3198814743042844e-03
  -2.9724904987480680e-03
  -2.6321935080208607e-03
  -2.2981084841047295e-03
  -1.9719835721180900e-03
  -1.6531834067514252e-03
  -1.3427349667160199e-03
  -1.0405995630201382e-03
  -7.4748485740900109e-04
  -4.6307896006580936e-04
  -1.8896160677296404e-04
   7.5693393723455174e-05
   3.2999213805345255e-04
   5.7473586989859634e-04
   8.0847904252768523e-04
   1.0317749929822321e-03
   1.2436344397276011e-03
   1.4452817482298289e-03
   1.6356519504833900e-03
   1.8148282952485850e-03
   1.9818207402686129e-03
   2.1391095079151302e-03
   2.2835814234735043e-03
   2.4178655234517892e-03
   2.5400771862449057e-03
   2.6516377891024727e-03
   2.7516233017441578e-03
   2.8410832937095483e-03
   2.9191070233303314e-03
   2.9868067472825963e-03
   3.0432766932281916e-03
   3.0897480707420934e-03
   3.1253253513290427e-03
   3.1514019824774031e-03
   3.1671039834183651e-03
   3.1737697762278813e-03
   3.1706536222134958e-03
   3.1589910015261593e-03
   3.1380357756691808e-03
   3.1091382898712464e-03
   3.0714794081147475e-03
   3.0266004453308811e-03
   2.9736554331995795e-03
   2.9143002272744543e-03
   2.8476940926281408e-03
   2.7752540238913390e-03
   2.6964587888470186e-03
   2.6122491150929062e-03
   2.5224042511369960e-03
   2.4281462807892807e-03
   2.3288211022892170e-03
   2.2262883887156698e-03
   2.1196384847461439e-03
   2.0101095174385039e-03
   1.8968052207686791e-03
   1.7816469945852284e-03
   1.6641228446654050e-03
   1.5457830821357572e-03
   1.4251342767050269e-03
   1.3036356370145820e-03
   1.1810149186370004e-03
   1.0600050613284414e-03
   9.3656678105254686e-04
   8.1519744392569019e-04
   6.9383772236731429e-04
   5.7396899215193689e-04
   4.5534149609704095e-04
   3.3871214558514888e-04
   2.2376719594374459e-04
   1.1156498588805593e-04
   1.5063738244696906e-06
  -1.0528482993479185e-04
  -2.0955761283088334e-04
  -3.1008242720333010e-04
  -4.0769590938635140e-04
  -5.0114683366197274e-04
  -5.9118521890687715e-04
  -6.7668319444354739e-04
  -7.5844661355374619e-04
  -8.3532474783144946e-04
  -9.0837794942270824e-04
  -9.7636099083091960e-04
  -1.0404648629916595e-03
  -1.0993761502882974e-03
  -1.1542239416799031e-03
  -1.2037441518172843e-03
  -1.2488405897277722e-03
  -1.2885760405241325e-03
  -1.3238204354503202e-03
  -1.3536812415913927e-03
  -1.3795680548000062e-03
  -1.4000554113681955e-03
  -1.4167853877094631e-03
  -1.4281956912833985e-03
  -1.4355211499253488e-03
  -1.4372761469029429e-03
  -1.4355619409301820e-03
  -1.4292712619902216e-03
  -1.4202044633091332e-03
  -1.4058549804177639e-03
  -1.3878848234827787e-03
  -1.3648825061487082e-03
  -1.3418654786167307e-03
  -1.3122337162522087e-03
  -1.2802163659877822e-03
  -1.2456795560371453e-03
  -1.2074844402992482e-03
  -1.1669467744917302e-03
  -1.1236351050230640e-03
  -1.0778572966696313e-03
  -1.0301274458400340e-03
  -9.8024460941876731e-04
  -9.2895589884429541e-04
  -8.7580715146836643e-04
  -8.2174542391375027e-04
  -7.6615456330116440e-04
  -7.0999298929561700e-04
  -6.5265586099149374e-04
  -5.9510320407964558e-04
  -5.3659913370658380e-04
  -4.7836618830074282e-04
  -4.1947663226444323e-04
  -3.6137004281869089e-04
  -3.0307037908924156e-04
  -2.4601716648687280e-04
  -1.8921820025937777e-04
  -1.3392224396182516e-04
  -7.9124806309046288e-05
  -2.5912853305612637e-05
   2.6887130301526766e-05
   7.7777437302769758e-05
   1.2828382713003529e-04
   1.7629398096517240e-04
   2.2335754213855094e-04
   2.6745855455084392e-04
   3.1028056739651884e-04
   3.4996377455179169e-04
   3.8911619868719458e-04
   4.2577322662156136e-04
   4.6210045967854546e-04
   4.9407053925807471e-04
   5.2399573306455944e-04
   5.4866574168939582e-04
   5.7720785796904850e-04
   6.0058381960029781e-04
   6.1836547891124666e-04
   6.3834047477030710e-04
   6.5278799599510968e-04
   6.6647913658392406e-04
   6.7678740904332610e-04
   6.8528746411312827e-04
   6.9118194330551760e-04
   6.9509398230277648e-04
   6.9673997363387430e-04
   6.9628757168168829e-04
   6.9389415283502981e-04
   6.8947814110512432e-04
   6.8332681668309631e-04
   6.7521758495858839e-04
   6.6560500293369961e-04
   6.5390397852135710e-04
   6.4090827794095404e-04
   6.2573473200900123e-04
   6.0935425920901698e-04
   5.9084810327965484e-04
   5.7126330693125929e-04
   5.4973445229780226e-04
   5.2742913664151987e-04
   5.0348393657440960e-04
   4.7934017839799232e-04
   4.5380314384941184e-04
   4.2879388024745442e-04
   4.0250280091587740e-04
   3.7699209344938325e-04
   3.5002637672416285e-04
   3.2347201030066418e-04
   2.9466846541957353e-04
   2.6610220937599641e-04
   2.3474264410218817e-04
   2.0445282633469990e-04
   1.7248818987788809e-04
   1.4526973989040256e-04
   1.1806914222275825e-04
   9.6890294925459396e-05
   6.2842907644012662e-05
   2.1808135587613326e-05
   8.2057901684347492e-06
  -2.7257959467233213e-05
  -5.2554347745187387e-05
  -8.2283478656719971e-05
  -1.0840439461784564e-04
  -1.3670472700714681e-04
  -1.6264597951310477e-04
  -1.9009692298116074e-04
  -2.1569604631182330e-04
  -2.4235135252282305e-04
  -2.6753633843972765e-04
  -2.9366275786755564e-04
  -3.1855157946114994e-04
  -3.4426229767074707e-04
  -3.6905114223516740e-04
  -3.9451373704774237e-04
  -4.1933768000509107e-04
  -4.4490682670840091e-04
  -4.7000529351701279e-04
  -4.9603364028147768e-04
  -5.2176990534689679e-04
  -5.4859344338567409e-04
  -5.7535023119798401e-04
  -6.0330285061829000e-04
  -6.3151811113400778e-04
  -6.6099429105903249e-04
  -6.9110056498704266e-04
  -7.2268244801338365e-04
  -7.5508641447638092e-04
  -7.8932302863993209e-04
  -8.2460044490418466e-04
  -8.6194898489074152e-04
  -9.0075774004484482e-04
  -9.4193211342356766e-04
  -9.8477825413901079e-04
  -1.0302104533939961e-03
  -1.0777617014116135e-03
  -1.1282866866992366e-03
  -1.1811833502451854e-03
  -1.2373152379545377e-03
   1.3210740937030273e-02
