   9.1164129747678310e-05
   7.2430447920508026e-05
   9.9862593912512473e-05
   1.3294971395924781e-04
   1.7214420839799550e-04
   2.1780259997916903e-04
   2.7026228833923656e-04
   3.2962027764430276e-04
   3.9585708877860909e-04
   4.6885189374079155e-04
   5.4838775955900218e-04
   6.3374701998805975e-04
   7.2441043716590697e-04
   8.1931218428209706e-04
   9.1733843802026586e-04
   1.0171250645921444e-03
   1.1170997966487306e-03
   1.2154942797230920e-03
   1.3103221643301463e-03
   1.3994905072565397e-03
   1.4807516402006900e-03
   1.5517507216717445e-03
   1.6101607424297117e-03
   1.6535773723514334e-03
   1.6796842168831207e-03
   1.6862626557760979e-03
   1.6712506288333634e-03
   1.6328310537280853e-03
   1.5694490570183771e-03
   1.4799360230286886e-03
   1.3634794717370940e-03
   1.2197336288103133e-03
   1.0488548613656725e-03
   8.5151653219376656e-04
   6.2896975350306111e-04
   3.8305531447063241e-04
   1.1619432298412437e-04
  -1.6859160079901189e-04
  -4.6773438847487947e-04
  -7.7709761466549778e-04
  -1.0920886636250631e-03
  -1.4076542256758287e-03
  -1.7183934703845077e-03
  -2.0186321962108451e-03
  -2.3025223905383529e-03
  -2.5641437752461802e-03
  -2.7976386271653039e-03
  -2.9973148121432134e-03
  -3.1578024030558304e-03
  -3.2741477556857542e-03
  -3.3419932467858245e-03
  -3.3576482029669249e-03
  -3.3182502370795175e-03
  -3.2218506700478766e-03
  -3.0675248892616056e-03
  -2.8554440738581700e-03
  -2.5869533457106375e-03
  -2.2645973968886506e-03
  -1.8921556730345031e-03
  -1.4746127309478701e-03
  -1.0181599365661550e-03
  -5.3009727104169971e-04
  -1.8785195229246537e-05
   5.0649196888802425e-04
   1.0356496351993896e-03
   1.5579757131774013e-03
   2.0623046586300399e-03
   2.5372313411195823e-03
   2.9713227919102247e-03
   3.3533625108290157e-03
   3.6725735127532385e-03
   3.9188899191192122e-03
   4.0831740203431848e-03
   4.1574744455093078e-03
   4.1352403964914283e-03
   4.0115402511835775e-03
   3.7832449071527850e-03
   3.4491964685479564e-03
   3.0103392554607779e-03
   2.4698198437398829e-03
   1.8330400533176977e-03
   1.1076896740872702e-03
   3.0370561638390196e-04
  -5.6678168070392967e-04
  -1.4895701988430134e-03
  -2.4485389411350641e-03
  -3.4258525420612935e-03
  -4.4022017708732685e-03
  -5.3570810531247621e-03
  -6.2691054871976144e-03
  -7.1163514292931686e-03
  -7.8767184227440442e-03
  -8.5283217649851917e-03
  -9.0498789783338175e-03
  -9.4211142429506817e-03
  -9.6231505080151738e-03
  -9.6388952464810801e-03
  -9.4534056553821702e-03
  -9.0542248541613281e-03
  -8.4316950507204707e-03
  -7.5792182011336319e-03
  -6.4934795107466558e-03
  -5.1746204343330535e-03
  -3.6263503008995166e-03
  -1.8560066554341198e-03
   1.2544994920230933e-04
   2.3035003468641103e-03
   4.6601960705353737e-03
   7.1743520155928241e-03
   9.8217897668469167e-03
   1.2575650602108773e-02
   1.5406746805670389e-02
   1.8283965578399106e-02
   2.1174712515498025e-02
   2.4045385278802497e-02
   2.6861874238873651e-02
   2.9590075619773948e-02
   3.2196415874001801e-02
   3.4648371105457501e-02
   3.6914971828337556e-02
   3.8967297757299985e-02
   4.0778931470925053e-02
   4.2326383363695236e-02
   4.3589468364400169e-02
   4.4551630958315838e-02
   4.5200213965371203e-02
   4.5526661202247062e-02
   4.5526661202247062e-02
   4.5200213965371203e-02
   4.4551630958315838e-02
   4.3589468364400169e-02
   4.2326383363695236e-02
   4.0778931470925053e-02
   3.8967297757299985e-02
   3.6914971828337556e-02
   3.4648371105457501e-02
   3.2196415874001801e-02
   2.9590075619773948e-02
   2.6861874238873651e-02
   2.4045385278802497e-02
   2.1174712515498025e-02
   1.8283965578399106e-02
   1.5406746805670389e-02
   1.2575650602108773e-02
   9.8217897668469167e-03
   7.1743520155928241e-03
   4.6601960705353737e-03
   2.3035003468641103e-03
   1.2544994920230933e-04
  -1.8560066554341198e-03
  -3.6263503008995166e-03
  -5.1746204343330535e-03
  -6.4934795107466558e-03
  -7.5792182011336319e-03
  -8.4316950507204707e-03
  -9.0542248541613281e-03
  -9.4534056553821702e-03
  -9.6388952464810801e-03
  -9.6231505080151738e-03
  -9.4211142429506817e-03
  -9.0498789783338175e-03
  -8.5283217649851917e-03
  -7.8767184227440442e-03
  -7.1163514292931686e-03
  -6.2691054871976144e-03
  -5.3570810531247621e-03
  -4.4022017708732685e-03
  -3.4258525420612935e-03
  -2.4485389411350641e-03
  -1.4895701988430134e-03
  -5.6678168070392967e-04
   3.0370561638390196e-04
   1.1076896740872702e-03
   1.8330400533176977e-03
   2.4698198437398829e-03
   3.0103392554607779e-03
   3.4491964685479564e-03
   3.7832449071527850e-03
   4.0115402511835775e-03
   4.1352403964914283e-03
   4.1574744455093078e-03
   4.0831740203431848e-03
   3.9188899191192122e-03
   3.6725735127532385e-03
   3.3533625108290157e-03
   2.9713227919102247e-03
   2.5372313411195823e-03
   2.0623046586300399e-03
   1.5579757131774013e-03
   1.0356496351993896e-03
   5.0649196888802425e-04
  -1.8785195229246537e-05
  -5.3009727104169971e-04
  -1.0181599365661550e-03
  -1.4746127309478701e-03
  -1.8921556730345031e-03
  -2.2645973968886506e-03
  -2.5869533457106375e-03
  -2.8554440738581700e-03
  -3.0675248892616056e-03
  -3.2218506700478766e-03
  -3.3182502370795175e-03
  -3.3576482029669249e-03
  -3.3419932467858245e-03
  -3.2741477556857542e-03
  -3.1578024030558304e-03
  -2.9973148121432134e-03
  -2.7976386271653039e-03
  -2.5641437752461802e-03
  -2.3025223905383529e-03
  -2.0186321962108451e-03
  -1.7183934703845077e-03
  -1.4076542256758287e-03
  -1.0920886636250631e-03
  -7.7709761466549778e-04
  -4.6773438847487947e-04
  -1.6859160079901189e-04
   1.1619432298412437e-04
   3.8305531447063241e-04
   6.2896975350306111e-04
   8.5151653219376656e-04
   1.0488548613656725e-03
   1.2197336288103133e-03
   1.3634794717370940e-03
   1.4799360230286886e-03
   1.5694490570183771e-03
   1.6328310537280853e-03
   1.6712506288333634e-03
   1.6862626557760979e-03
   1.6796842168831207e-03
   1.6535773723514334e-03
   1.6101607424297117e-03
   1.5517507216717445e-03
   1.4807516402006900e-03
   1.3994905072565397e-03
   1.3103221643301463e-03
   1.2154942797230920e-03
   1.1170997966487306e-03
   1.0171250645921444e-03
   9.1733843802026586e-04
   8.1931218428209706e-04
   7.2441043716590697e-04
   6.3374701998805975e-04
   5.4838775955900218e-04
   4.6885189374079155e-04
   3.9585708877860909e-04
   3.2962027764430276e-04
   2.7026228833923656e-04
   2.1780259997916903e-04
   1.7214420839799550e-04
   1.3294971395924781e-04
   9.9862593912512473e-05
   7.2430447920508026e-05
   9.1164129747678310e-05
