   1.6542789272210983e-04
   3.1902423569475636e-04
   5.8964411561098471e-04
   9.6739437693841429e-04
   1.4522196624821532e-03
   2.0274623396769678e-03
   2.6564065108490627e-03
   3.2812737235984259e-03
   3.8257897243776096e-03
   4.2009527649874380e-03
   4.3145314625667574e-03
   4.0837777283753022e-03
   3.4494368367808249e-03
   2.3895950565116968e-03
   9.3140400144440605e-04
  -8.4208541618768556e-04
  -2.7918182696155891e-03
  -4.7303944242867045e-03
  -6.4381886335275872e-03
  -7.6871481388538863e-03
  -8.2698878946174236e-03
  -8.0309349774287837e-03
  -6.8961373767629369e-03
  -4.8956553152452740e-03
  -2.1762937513796210e-03
   1.0001695814828256e-03
   4.2745340292966753e-03
   7.2234264367535723e-03
   9.4060241454269021e-03
   1.0419924381924212e-02
   9.9598148939089512e-03
   7.8715463780043085e-03
   4.1941617508064709e-03
  -8.1695997861690574e-04
  -6.6910384776429745e-03
  -1.2769396512321814e-02
  -1.8258870236161122e-02
  -2.2307121704371206e-02
  -2.4092723180051550e-02
  -2.2920538673905928e-02
  -1.8311524352994199e-02
  -1.0075884406675908e-02
   1.6401256474608892e-03
   1.6340852866815487e-02
   3.3204927744378498e-02
   5.1145279367386179e-02
   6.8900471905307042e-02
   8.5148550927949457e-02
   9.8631593728743833e-02
   1.0827753725496171e-01
   1.1330594462785087e-01
   1.1330594462785087e-01
   1.0827753725496171e-01
   9.8631593728743833e-02
   8.5148550927949457e-02
   6.8900471905307042e-02
   5.1145279367386179e-02
   3.3204927744378498e-02
   1.6340852866815487e-02
   1.6401256474608892e-03
  -1.0075884406675908e-02
  -1.8311524352994199e-02
  -2.2920538673905928e-02
  -2.4092723180051550e-02
  -2.2307121704371206e-02
  -1.8258870236161122e-02
  -1.2769396512321814e-02
  -6.6910384776429745e-03
  -8.1695997861690574e-04
   4.1941617508064709e-03
   7.8715463780043085e-03
   9.9598148939089512e-03
   1.0419924381924212e-02
   9.4060241454269021e-03
   7.2234264367535723e-03
   4.2745340292966753e-03
   1.0001695814828256e-03
  -2.1762937513796210e-03
  -4.8956553152452740e-03
  -6.8961373767629369e-03
  -8.0309349774287837e-03
  -8.2698878946174236e-03
  -7.6871481388538863e-03
  -6.4381886335275872e-03
  -4.7303944242867045e-03
  -2.7918182696155891e-03
  -8.4208541618768556e-04
   9.3140400144440605e-04
   2.3895950565116968e-03
   3.4494368367808249e-03
   4.0837777283753022e-03
   4.3145314625667574e-03
   4.2009527649874380e-03
   3.8257897243776096e-03
   3.2812737235984259e-03
   2.6564065108490627e-03
   2.0274623396769678e-03
   1.4522196624821532e-03
   9.6739437693841429e-04
   5.8964411561098471e-04
   3.1902423569475636e-04
   1.6542789272210983e-04
